5 0.7859375 0.09765625 0.09609375 0.090625
5 0.2125 0.44453125 0.090625 0.090625
1 0.0953125 0.90234375 0.090625 0.09296875
7 0.09375 0.2171875 0.06875 0.08671875
11 0.21328125 0.3296875 0.07578125 0.08515625
9 0.67265625 0.7875 0.10390625 0.09609375
10 0.78828125 0.6765625 0.078125 0.0875
10 0.32578125 0.909375 0.0796875 0.08671875
8 0.4421875 0.33046875 0.10390625 0.096875
8 0.5578125 0.56015625 0.10390625 0.09453125
2 0.67265625 0.55859375 0.090625 0.09140625
2 0.559375 0.328125 0.09296875 0.1
2 0.09765625 0.328125 0.09296875 0.096875
2 0.67421875 0.4421875 0.09609375 0.0984375