3 0.096875 0.67265625 0.10546875 0.11015625
3 0.55703125 0.67421875 0.09921875 0.10234375
3 0.903125 0.5578125 0.10390625 0.10390625
2 0.21484375 0.67265625 0.10703125 0.10234375
2 0.671875 0.67265625 0.109375 0.10546875
1 0.55546875 0.7859375 0.103125 0.10625
1 0.78671875 0.67578125 0.10546875 0.1046875
1 0.096875 0.21484375 0.10546875 0.10703125
10 0.3265625 0.096875 0.1 0.10234375
10 0.55859375 0.2078125 0.0953125 0.10703125
11 0.5578125 0.9046875 0.08671875 0.0921875
11 0.67578125 0.7890625 0.09921875 0.09765625
9 0.671875 0.55625 0.0984375 0.10078125
8 0.903125 0.44453125 0.10625 0.10859375
8 0.790625 0.09921875 0.10390625 0.103125