2 0.09765625 0.09375 0.11015625 0.1125
4 0.0953125 0.21171875 0.1 0.103125
4 0.90546875 0.096875 0.09453125 0.09453125
3 0.56015625 0.096875 0.10078125 0.10078125
3 0.325 0.559375 0.09765625 0.1
5 0.9046875 0.2109375 0.0984375 0.09609375
9 0.44140625 0.78828125 0.10546875 0.0984375
9 0.55859375 0.90390625 0.109375 0.10625
8 0.671875 0.78828125 0.10703125 0.10078125
2 0.2125 0.78515625 0.09921875 0.1015625
11 0.325 0.6734375 0.09140625 0.1015625
11 0.559375 0.6734375 0.084375 0.08828125
11 0.55703125 0.44375 0.0828125 0.09140625
11 0.9046875 0.6734375 0.0875 0.09453125
0 0.44453125 0.90625 0.10625 0.10078125