2 0.9046875 0.0984375 0.09296875 0.09140625
2 0.328125 0.55703125 0.09140625 0.09453125
2 0.55859375 0.675 0.09453125 0.09453125
2 0.09609375 0.90390625 0.09140625 0.09453125
6 0.6734375 0.67890625 0.0703125 0.08671875
6 0.6734375 0.33203125 0.07578125 0.08671875
6 0.9046875 0.3328125 0.06875 0.0875
7 0.67421875 0.56171875 0.06875 0.0890625
1 0.7890625 0.096875 0.090625 0.09609375
1 0.6734375 0.096875 0.0890625 0.09453125
1 0.096875 0.328125 0.09140625 0.09140625
1 0.55703125 0.5578125 0.090625 0.09296875
5 0.3265625 0.675 0.08671875 0.08671875
5 0.096875 0.67578125 0.090625 0.09140625
1 0.21328125 0.7890625 0.09453125 0.09609375
11 0.78984375 0.79140625 0.078125 0.0875
3 0.55859375 0.32890625 0.09140625 0.09140625
3 0.096875 0.4421875 0.09609375 0.09296875