1 0.21015625 0.2078125 0.096875 0.10546875
1 0.6734375 0.20703125 0.09453125 0.10234375
1 0.32734375 0.5546875 0.1 0.09609375
5 0.5578125 0.55625 0.09609375 0.09609375
5 0.0921875 0.67421875 0.09140625 0.1046875
11 0.67421875 0.78984375 0.084375 0.0921875
11 0.9015625 0.43828125 0.0921875 0.1109375
7 0.78828125 0.2125 0.07109375 0.09375
10 0.675 0.4453125 0.0859375 0.09140625
10 0.44375 0.2140625 0.08515625 0.09375
2 0.78828125 0.55859375 0.0984375 0.09765625
2 0.44140625 0.9015625 0.0984375 0.09609375
8 0.90390625 0.78671875 0.1 0.0921875