11 0.096875 0.096875 0.08203125 0.08828125
11 0.32578125 0.7890625 0.08671875 0.08828125
3 0.21015625 0.09609375 0.0953125 0.09921875
1 0.3265625 0.0953125 0.1046875 0.09375
7 0.2125 0.21640625 0.07265625 0.0890625
9 0.4390625 0.325 0.10390625 0.10078125
8 0.675 0.21328125 0.11015625 0.09765625
8 0.0953125 0.675 0.103125 0.0953125
10 0.55859375 0.9046875 0.0765625 0.08984375
10 0.90234375 0.90546875 0.0828125 0.0921875
2 0.90546875 0.0953125 0.09140625 0.096875
4 0.21328125 0.440625 0.09453125 0.10234375
4 0.903125 0.44296875 0.09296875 0.09609375
0 0.32734375 0.209375 0.09375 0.09921875
1 0.328125 0.67421875 0.09453125 0.08984375
1 0.903125 0.7859375 0.0890625 0.09453125