5 0.90234375 0.2109375 0.09296875 0.09609375
5 0.2109375 0.78984375 0.09296875 0.09609375
5 0.09453125 0.096875 0.09453125 0.09140625
3 0.67421875 0.44296875 0.09296875 0.1
3 0.09609375 0.790625 0.09453125 0.10234375
7 0.44296875 0.67890625 0.07265625 0.08671875
9 0.5578125 0.55703125 0.1015625 0.096875
3 0.21328125 0.32890625 0.09140625 0.09453125
11 0.09921875 0.44609375 0.0765625 0.0875
8 0.67421875 0.55703125 0.10625 0.1015625
8 0.4453125 0.78984375 0.10234375 0.0984375
10 0.67265625 0.79140625 0.0796875 0.090625
0 0.096875 0.903125 0.0890625 0.09609375
2 0.0953125 0.328125 0.090625 0.0890625