8 0.90234375 0.09609375 0.10859375 0.0921875
9 0.096875 0.21328125 0.103125 0.10078125
9 0.09296875 0.671875 0.1015625 0.1015625
2 0.44375 0.44453125 0.10078125 0.1015625
0 0.78984375 0.55546875 0.1046875 0.10390625
6 0.56328125 0.56171875 0.07421875 0.09453125
0 0.6765625 0.096875 0.1015625 0.1
11 0.3265625 0.2109375 0.08671875 0.0921875
3 0.09453125 0.44609375 0.1078125 0.0984375
7 0.671875 0.55859375 0.0828125 0.09140625
7 0.90390625 0.678125 0.07421875 0.0859375
5 0.7875 0.78828125 0.09609375 0.10390625