9 0.09765625 0.096875 0.10390625 0.09453125
9 0.44296875 0.328125 0.10234375 0.09453125
9 0.78984375 0.903125 0.1 0.09296875
2 0.559375 0.44296875 0.090625 0.09453125
2 0.7875 0.5578125 0.09296875 0.0984375
2 0.78984375 0.44296875 0.09140625 0.090625
8 0.44453125 0.5609375 0.0984375 0.090625
8 0.5578125 0.32890625 0.10390625 0.09609375
8 0.559375 0.21171875 0.10390625 0.096875
10 0.21171875 0.67890625 0.08125 0.08359375
3 0.2125 0.3265625 0.09296875 0.08671875
3 0.790625 0.21328125 0.09140625 0.09140625
7 0.67265625 0.90859375 0.071875 0.0875
5 0.44453125 0.90859375 0.09296875 0.0890625
11 0.096875 0.33046875 0.08125 0.0890625