9 0.09375 0.78671875 0.1078125 0.1
9 0.3265625 0.90390625 0.10625 0.103125
4 0.2109375 0.32734375 0.103125 0.1046875
4 0.55859375 0.325 0.11015625 0.10703125
4 0.7921875 0.33125 0.10390625 0.10859375
9 0.6734375 0.32578125 0.1046875 0.1078125
6 0.4421875 0.09609375 0.11171875 0.10390625
1 0.32578125 0.209375 0.11015625 0.1
7 0.78671875 0.90234375 0.10859375 0.1046875
4 0.9046875 0.790625 0.11015625 0.11171875
3 0.90234375 0.21171875 0.10546875 0.1109375
11 0.20859375 0.2109375 0.10625 0.10234375