5 0.21015625 0.09765625 0.09140625 0.0890625
5 0.3265625 0.78359375 0.0890625 0.09296875
4 0.78671875 0.44296875 0.09453125 0.09609375
8 0.67265625 0.79453125 0.11171875 0.08984375
8 0.2109375 0.21171875 0.10234375 0.09453125
10 0.2125 0.3265625 0.08359375 0.09296875
2 0.90390625 0.78984375 0.1 0.0953125
9 0.0921875 0.6734375 0.10859375 0.0984375
9 0.440625 0.32421875 0.10546875 0.090625
1 0.3296875 0.32421875 0.08671875 0.096875
1 0.67109375 0.32734375 0.09609375 0.08984375
3 0.78828125 0.20859375 0.09609375 0.09765625
1 0.3265625 0.66640625 0.0953125 0.09609375
7 0.5578125 0.5609375 0.07421875 0.0953125
7 0.9046875 0.67734375 0.075 0.09296875
11 0.44296875 0.90546875 0.0796875 0.0921875