7 0.3265625 0.2109375 0.103125 0.10625
7 0.4390625 0.21171875 0.09140625 0.10390625
11 0.4421875 0.096875 0.09375 0.1
11 0.67109375 0.675 0.1046875 0.10390625
11 0.90234375 0.78671875 0.09375 0.09296875
3 0.6734375 0.440625 0.1046875 0.10703125
3 0.90546875 0.3265625 0.1 0.103125
3 0.55625 0.9015625 0.1015625 0.10625
2 0.21171875 0.67578125 0.10703125 0.10390625
0 0.2109375 0.43984375 0.10625 0.10625
4 0.2109375 0.5578125 0.11015625 0.1078125
4 0.78828125 0.440625 0.10703125 0.1
5 0.09609375 0.79140625 0.10390625 0.10234375