10 0.78828125 0.2125 0.08359375 0.09296875
10 0.56015625 0.67734375 0.078125 0.08671875
10 0.2140625 0.215625 0.08203125 0.09140625
8 0.2125 0.90625 0.1015625 0.09609375
4 0.09765625 0.9078125 0.09296875 0.09296875
4 0.4421875 0.90703125 0.09296875 0.0890625
2 0.32890625 0.44453125 0.09140625 0.09296875
7 0.67109375 0.678125 0.07421875 0.08515625
1 0.44296875 0.559375 0.09453125 0.090625
9 0.675 0.325 0.096875 0.096875
5 0.32734375 0.09921875 0.09296875 0.0875
5 0.90390625 0.44609375 0.096875 0.0875