4 0.66953125 0.09375 0.10859375 0.103125
4 0.21328125 0.790625 0.10390625 0.11171875
5 0.0953125 0.9 0.10234375 0.1015625
5 0.9046875 0.9046875 0.1015625 0.1015625
2 0.55703125 0.9015625 0.1171875 0.103125
3 0.4390625 0.21171875 0.10625 0.1078125
9 0.56015625 0.33046875 0.11015625 0.10390625
9 0.55859375 0.7875 0.10703125 0.10625
8 0.20859375 0.55390625 0.11328125 0.11171875
10 0.44140625 0.55703125 0.10703125 0.10234375
1 0.096875 0.4421875 0.1 0.11640625
7 0.675 0.56015625 0.10390625 0.1078125