3 0.096875 0.09609375 0.0953125 0.0984375
3 0.67421875 0.67265625 0.096875 0.096875
1 0.7890625 0.78984375 0.096875 0.0953125
1 0.08984375 0.2109375 0.0953125 0.0953125
1 0.21171875 0.55546875 0.09453125 0.09453125
5 0.9046875 0.5578125 0.090625 0.09921875
5 0.7875 0.21171875 0.090625 0.0921875
7 0.55703125 0.44375 0.0671875 0.08515625
3 0.7875 0.328125 0.1 0.103125
11 0.9015625 0.6734375 0.08125 0.08828125
7 0.33515625 0.90703125 0.06328125 0.09140625
10 0.209375 0.790625 0.0859375 0.09609375
4 0.3265625 0.21015625 0.0921875 0.09140625
0 0.90390625 0.90390625 0.09453125 0.09453125
2 0.2109375 0.90390625 0.096875 0.09765625