0 0.4421875 0.096875 0.11171875 0.11640625
0 0.5578125 0.67421875 0.090625 0.09609375
0 0.328125 0.78984375 0.09140625 0.09609375
0 0.325 0.90390625 0.09140625 0.096875
1 0.67265625 0.67265625 0.09296875 0.09609375
10 0.903125 0.67890625 0.07578125 0.08671875
10 0.90234375 0.90859375 0.0796875 0.0890625
4 0.559375 0.90546875 0.090625 0.09140625
4 0.0953125 0.44453125 0.090625 0.09296875
5 0.55390625 0.32890625 0.090625 0.09296875
10 0.4421875 0.21484375 0.0796875 0.0890625
7 0.3265625 0.67734375 0.06171875 0.0890625
2 0.2109375 0.55703125 0.0875 0.09296875