11 0.55703125 0.79140625 0.0859375 0.0890625
2 0.0953125 0.09296875 0.10234375 0.10234375
2 0.903125 0.0984375 0.10390625 0.09453125
4 0.67265625 0.4421875 0.09375 0.090625
0 0.90546875 0.5578125 0.09765625 0.096875
0 0.78671875 0.7859375 0.09296875 0.09609375
0 0.4453125 0.903125 0.09921875 0.10078125
6 0.446875 0.56171875 0.0859375 0.09296875
2 0.0984375 0.44453125 0.0953125 0.09453125
4 0.3265625 0.67421875 0.08828125 0.09140625
2 0.44453125 0.67578125 0.0953125 0.1
1 0.7890625 0.209375 0.096875 0.09453125
9 0.0921875 0.675 0.10625 0.0953125
3 0.21171875 0.90546875 0.10078125 0.1015625