0 0.096875 0.2078125 0.09375 0.09609375
2 0.43984375 0.2109375 0.1078125 0.09609375
2 0.78671875 0.67109375 0.1015625 0.09609375
0 0.328125 0.55625 0.09453125 0.09609375
0 0.56015625 0.78828125 0.09453125 0.09453125
4 0.90546875 0.325 0.0953125 0.0890625
5 0.44296875 0.78984375 0.0921875 0.09296875
5 0.7890625 0.09296875 0.09296875 0.0984375
10 0.096875 0.671875 0.08515625 0.0953125
10 0.90546875 0.67421875 0.09375 0.090625
3 0.67421875 0.67109375 0.10234375 0.09921875
3 0.2109375 0.78828125 0.10234375 0.1015625
7 0.44296875 0.67265625 0.07109375 0.09296875
11 0.44375 0.44453125 0.090625 0.0984375
3 0.5546875 0.67109375 0.10078125 0.1
2 0.55859375 0.903125 0.10078125 0.0984375