3 0.90546875 0.09609375 0.09140625 0.09140625
3 0.44296875 0.90625 0.09296875 0.09296875
2 0.78828125 0.559375 0.09140625 0.09609375
5 0.7875 0.79140625 0.09296875 0.090625
5 0.67265625 0.90703125 0.09296875 0.0890625
4 0.90234375 0.90390625 0.090625 0.0890625
4 0.67265625 0.44375 0.090625 0.0890625
4 0.2109375 0.90546875 0.09296875 0.0890625
4 0.32890625 0.10078125 0.09296875 0.090625
10 0.55703125 0.44765625 0.0765625 0.08515625
10 0.2125 0.446875 0.0765625 0.08125
10 0.44375 0.79296875 0.08125 0.0875
7 0.5609375 0.33046875 0.06640625 0.09140625
11 0.4421875 0.33203125 0.07421875 0.0890625
6 0.096875 0.33203125 0.07265625 0.08671875
7 0.096875 0.215625 0.06875 0.08515625
1 0.32734375 0.671875 0.090625 0.09453125