1 0.903125 0.7890625 0.08515625 0.09296875
1 0.90234375 0.67265625 0.09296875 0.09609375
1 0.67421875 0.55703125 0.090625 0.09140625
1 0.5578125 0.90546875 0.09296875 0.09453125
11 0.7890625 0.67578125 0.0765625 0.08359375
11 0.44296875 0.33046875 0.078125 0.0890625
5 0.903125 0.44453125 0.09140625 0.09609375
3 0.2125 0.096875 0.09296875 0.096875
2 0.3265625 0.78984375 0.09140625 0.09453125
10 0.44296875 0.90859375 0.078125 0.090625
0 0.209375 0.903125 0.096875 0.090625
6 0.903125 0.9078125 0.071875 0.0875