8 0.2125 0.09375 0.1140625 0.103125
8 0.2140625 0.55703125 0.11328125 0.11015625
8 0.440625 0.9015625 0.10390625 0.103125
9 0.09375 0.20859375 0.1078125 0.10859375
3 0.44296875 0.09375 0.1015625 0.10625
1 0.67421875 0.7875 0.10234375 0.09921875
1 0.67421875 0.44453125 0.09453125 0.115625
1 0.44140625 0.328125 0.09921875 0.09921875
0 0.21171875 0.67265625 0.10703125 0.10625
10 0.325 0.328125 0.10390625 0.10234375
4 0.09375 0.4421875 0.09765625 0.10859375
4 0.671875 0.2109375 0.10625 0.10625
4 0.55625 0.671875 0.10390625 0.10390625
11 0.4390625 0.67109375 0.10078125 0.1078125
11 0.90625 0.55859375 0.0921875 0.103125