10 0.44140625 0.09609375 0.0921875 0.09609375
11 0.4421875 0.5609375 0.0859375 0.09453125
5 0.32578125 0.6796875 0.1015625 0.10234375
4 0.56015625 0.9046875 0.1015625 0.09765625
7 0.55703125 0.32890625 0.08828125 0.09609375
6 0.33125 0.44765625 0.090625 0.0921875
6 0.4421875 0.90546875 0.096875 0.09609375
9 0.67265625 0.1015625 0.1140625 0.09921875
9 0.78828125 0.3265625 0.1046875 0.0953125
1 0.2125 0.7890625 0.09921875 0.10078125
0 0.21171875 0.3265625 0.09765625 0.10625
3 0.21015625 0.55546875 0.1125 0.10703125