8 0.32734375 0.096875 0.1015625 0.09453125
8 0.32734375 0.44296875 0.10390625 0.1015625
10 0.78671875 0.9078125 0.078125 0.0875
4 0.2109375 0.5609375 0.0875 0.09296875
4 0.90234375 0.67578125 0.09296875 0.090625
6 0.903125 0.79296875 0.07265625 0.09609375
0 0.5546875 0.90390625 0.096875 0.096875
0 0.32578125 0.32421875 0.09296875 0.09609375
0 0.32890625 0.2109375 0.09296875 0.09609375
11 0.90390625 0.33046875 0.078125 0.09140625
11 0.78984375 0.79375 0.07578125 0.0890625
9 0.7890625 0.32578125 0.0984375 0.1015625
5 0.9046875 0.2125 0.0875 0.0875