7 0.09296875 0.90390625 0.0984375 0.103125
7 0.78828125 0.0953125 0.09375 0.10234375
7 0.78828125 0.44375 0.11171875 0.1140625
0 0.32734375 0.78671875 0.1046875 0.1078125
0 0.3265625 0.9078125 0.10625 0.10078125
11 0.56015625 0.903125 0.1015625 0.0984375
11 0.90390625 0.9015625 0.090625 0.10703125
11 0.55703125 0.3265625 0.09921875 0.103125
11 0.32890625 0.21015625 0.09765625 0.09765625
5 0.3265625 0.32578125 0.1078125 0.1078125
5 0.3296875 0.44375 0.10625 0.103125
5 0.5578125 0.66953125 0.11171875 0.1046875
8 0.55859375 0.0953125 0.10546875 0.10546875
8 0.44296875 0.7875 0.11015625 0.109375
3 0.67578125 0.44375 0.10546875 0.1109375
3 0.90703125 0.32421875 0.1078125 0.10546875
3 0.44140625 0.09375 0.10703125 0.09921875
3 0.67109375 0.096875 0.1 0.10546875
4 0.325 0.67421875 0.10859375 0.10546875