6 0.67421875 0.096875 0.10234375 0.11171875
7 0.4421875 0.78984375 0.096875 0.10703125
11 0.44375 0.55625 0.103125 0.10078125
11 0.56171875 0.6734375 0.0984375 0.10078125
9 0.90390625 0.671875 0.10859375 0.109375
8 0.3296875 0.09765625 0.1109375 0.0984375
5 0.209375 0.21015625 0.103125 0.1015625
5 0.67265625 0.44140625 0.1 0.10546875
3 0.55625 0.44453125 0.10078125 0.1046875
3 0.67265625 0.56015625 0.1 0.1078125
3 0.32578125 0.21640625 0.0984375 0.11328125
10 0.78671875 0.32421875 0.10859375 0.1015625
0 0.9015625 0.09609375 0.10390625 0.11484375
4 0.90390625 0.32734375 0.1 0.1046875