1 0.096875 0.09375 0.103125 0.096875
1 0.32578125 0.0921875 0.096875 0.09921875
7 0.7890625 0.44609375 0.07578125 0.08671875
5 0.675 0.7890625 0.09765625 0.09375
5 0.67265625 0.3265625 0.1015625 0.08515625
8 0.55703125 0.55390625 0.09765625 0.09765625
8 0.44140625 0.3265625 0.10703125 0.1
11 0.55859375 0.78828125 0.0796875 0.08984375
7 0.78984375 0.21171875 0.07734375 0.09140625
6 0.7875 0.33125 0.0765625 0.0921875
0 0.44453125 0.55546875 0.0984375 0.10390625
2 0.6734375 0.55625 0.09765625 0.0984375
3 0.09609375 0.55390625 0.1015625 0.1
9 0.67265625 0.90234375 0.10234375 0.096875
11 0.32578125 0.21015625 0.1015625 0.1046875