5 0.33125 0.0984375 0.10859375 0.11171875
5 0.440625 0.90703125 0.1109375 0.10625
5 0.6703125 0.90703125 0.0921875 0.103125
4 0.33046875 0.4421875 0.10703125 0.10625
6 0.90390625 0.6703125 0.1 0.10625
6 0.78984375 0.9078125 0.103125 0.10859375
0 0.09375 0.44453125 0.1140625 0.1125
0 0.7890625 0.2140625 0.1125 0.10859375
0 0.675 0.78671875 0.10078125 0.10546875
0 0.096875 0.78828125 0.10859375 0.1078125
3 0.0984375 0.21328125 0.10859375 0.11015625
3 0.44921875 0.67109375 0.11015625 0.103125
3 0.32578125 0.78984375 0.11328125 0.1140625
7 0.4421875 0.55625 0.11171875 0.10390625
11 0.44375 0.78984375 0.103125 0.11015625