0 0.32421875 0.0953125 0.10703125 0.1140625
0 0.67265625 0.21171875 0.103125 0.10390625
1 0.3265625 0.67265625 0.10859375 0.10234375
1 0.78828125 0.90234375 0.11171875 0.1046875
2 0.44140625 0.67265625 0.10546875 0.10546875
2 0.90234375 0.2078125 0.10546875 0.10703125
3 0.7875 0.55703125 0.10625 0.10546875
3 0.78671875 0.675 0.10546875 0.10390625
7 0.671875 0.7875 0.1015625 0.1015625
7 0.55625 0.4421875 0.09765625 0.10625
4 0.671875 0.55703125 0.1015625 0.10234375
5 0.90390625 0.09375 0.1 0.09453125
9 0.55703125 0.09765625 0.10703125 0.10703125
9 0.21015625 0.90625 0.109375 0.09765625
3 0.671875 0.096875 0.1015625 0.10234375
10 0.7859375 0.21015625 0.0953125 0.1015625
5 0.78984375 0.7875 0.103125 0.1015625