7 0.1 0.44765625 0.0703125 0.08515625
7 0.78828125 0.1015625 0.0703125 0.08515625
1 0.32734375 0.32734375 0.09609375 0.09609375
3 0.44375 0.44296875 0.09140625 0.09453125
3 0.5578125 0.4453125 0.09296875 0.096875
5 0.09609375 0.90703125 0.09140625 0.0890625
9 0.32890625 0.09609375 0.1015625 0.09140625
11 0.790625 0.678125 0.078125 0.08515625
4 0.096875 0.67578125 0.09453125 0.0890625
10 0.096875 0.79375 0.08125 0.0890625
8 0.559375 0.9046875 0.10390625 0.0984375
8 0.90625 0.3296875 0.1015625 0.09296875