4 0.903125 0.2140625 0.09296875 0.09296875
4 0.32421875 0.21328125 0.090625 0.09453125
8 0.44296875 0.5578125 0.10390625 0.1015625
8 0.78828125 0.440625 0.10234375 0.1015625
10 0.67421875 0.56171875 0.08203125 0.090625
10 0.32734375 0.67734375 0.0796875 0.0890625
10 0.32890625 0.4453125 0.0765625 0.0890625
6 0.0953125 0.90625 0.071875 0.09296875
7 0.9015625 0.79296875 0.07265625 0.0875
0 0.78984375 0.903125 0.09140625 0.09296875
11 0.4421875 0.678125 0.0765625 0.08515625
5 0.440625 0.44296875 0.09296875 0.090625
5 0.9015625 0.09765625 0.09453125 0.09296875