2 0.0984375 0.0984375 0.10078125 0.10390625
2 0.0984375 0.67421875 0.090625 0.10234375
2 0.0953125 0.44296875 0.09140625 0.1046875
10 0.4484375 0.21484375 0.08515625 0.0921875
6 0.90390625 0.2140625 0.08515625 0.09609375
7 0.09765625 0.21484375 0.08046875 0.0953125
7 0.675 0.909375 0.071875 0.09296875
3 0.67265625 0.78984375 0.0875 0.1046875
1 0.2125 0.4453125 0.1078125 0.09375
1 0.6765625 0.67109375 0.0984375 0.09921875
1 0.78984375 0.7890625 0.0921875 0.09453125
11 0.4453125 0.790625 0.084375 0.08828125