3 0.7875 0.55625 0.096875 0.10546875
1 0.79296875 0.78515625 0.0953125 0.0921875
1 0.44375 0.096875 0.0796875 0.0859375
1 0.6734375 0.08828125 0.09296875 0.0953125
7 0.559375 0.3265625 0.07578125 0.0953125
8 0.0953125 0.32734375 0.109375 0.10625
8 0.9015625 0.5515625 0.1046875 0.09453125
10 0.7890625 0.096875 0.0875 0.08828125
10 0.90390625 0.675 0.07890625 0.0921875
2 0.09375 0.5578125 0.10625 0.0984375
2 0.5546875 0.6734375 0.0984375 0.10078125
2 0.78515625 0.90390625 0.0890625 0.0890625
0 0.90625 0.9015625 0.08984375 0.09609375
3 0.55859375 0.78828125 0.1 0.11015625