4 0.55703125 0.09375 0.090625 0.09375
4 0.096875 0.21328125 0.09453125 0.0953125
0 0.9046875 0.32734375 0.090625 0.09453125
0 0.90546875 0.790625 0.09453125 0.09140625
10 0.2109375 0.2109375 0.08984375 0.08984375
10 0.7890625 0.44765625 0.08828125 0.0921875
6 0.90546875 0.44453125 0.0796875 0.0953125
6 0.32890625 0.7921875 0.08125 0.09375
7 0.3265625 0.21171875 0.0765625 0.09453125
7 0.2109375 0.44296875 0.07265625 0.09296875
7 0.096875 0.5671875 0.0703125 0.090625
7 0.5546875 0.90390625 0.071875 0.0953125
1 0.55546875 0.66875 0.0921875 0.103125
9 0.325 0.328125 0.08828125 0.09296875
9 0.78828125 0.2140625 0.08359375 0.08984375
5 0.90234375 0.1 0.09375 0.0890625
9 0.44140625 0.43828125 0.1046875 0.0984375