10 0.671875 0.09375 0.08359375 0.084375
10 0.559375 0.2109375 0.075 0.0875
10 0.21171875 0.2140625 0.0828125 0.0875
8 0.2109375 0.33125 0.1078125 0.09921875
2 0.44375 0.67265625 0.103125 0.09921875
1 0.790625 0.21015625 0.09375 0.09765625
3 0.9015625 0.09296875 0.09609375 0.0953125
5 0.90625 0.2125 0.09609375 0.09375
3 0.4453125 0.20859375 0.090625 0.09375
3 0.0953125 0.32578125 0.096875 0.096875
3 0.440625 0.55234375 0.096875 0.0921875
3 0.32890625 0.4421875 0.103125 0.09453125
7 0.3296875 0.56171875 0.0734375 0.0953125
4 0.5578125 0.78828125 0.09921875 0.1046875
6 0.78671875 0.78984375 0.06796875 0.08828125