2 0.4421875 0.0953125 0.09765625 0.09140625
2 0.903125 0.2078125 0.0984375 0.09609375
4 0.903125 0.4421875 0.0984375 0.09140625
9 0.78671875 0.55546875 0.10078125 0.09375
0 0.0953125 0.4421875 0.10625 0.09296875
6 0.09609375 0.90546875 0.08125 0.0890625
1 0.6734375 0.209375 0.09453125 0.09296875
5 0.440625 0.55625 0.09921875 0.09609375
5 0.7875 0.3265625 0.09453125 0.09453125
10 0.5578125 0.67265625 0.08046875 0.09296875
11 0.671875 0.903125 0.0828125 0.08984375
7 0.675 0.3265625 0.06796875 0.09453125
7 0.79140625 0.1 0.07109375 0.08828125