10 0.21328125 0.1 0.08125 0.08671875
6 0.3265625 0.1015625 0.07265625 0.08671875
6 0.55859375 0.2171875 0.0671875 0.0890625
6 0.2125 0.91015625 0.071875 0.08515625
4 0.5546875 0.79140625 0.09453125 0.0875
4 0.2109375 0.559375 0.09296875 0.09296875
0 0.67578125 0.096875 0.09296875 0.09453125
1 0.78984375 0.328125 0.0890625 0.09140625
5 0.32734375 0.44453125 0.090625 0.09296875
5 0.32578125 0.215625 0.09609375 0.090625
7 0.096875 0.56328125 0.0671875 0.0875
5 0.90390625 0.328125 0.0890625 0.09140625
9 0.5578125 0.32578125 0.1015625 0.0984375
3 0.790625 0.90546875 0.09453125 0.09453125