8 0.328125 0.0984375 0.10546875 0.1
2 0.55703125 0.55703125 0.096875 0.09140625
2 0.7890625 0.328125 0.090625 0.09453125
4 0.903125 0.44375 0.090625 0.09140625
10 0.4421875 0.67890625 0.0796875 0.09140625
9 0.0953125 0.21171875 0.10390625 0.096875
9 0.559375 0.903125 0.1015625 0.09609375
3 0.78984375 0.675 0.0890625 0.096875
3 0.9046875 0.67578125 0.09609375 0.0984375
3 0.7890625 0.78984375 0.090625 0.09140625
3 0.78984375 0.90546875 0.090625 0.09140625
5 0.44140625 0.9078125 0.09453125 0.090625
7 0.21171875 0.79453125 0.0671875 0.0890625
1 0.9015625 0.32578125 0.09453125 0.090625