7 0.328125 0.0984375 0.071875 0.09140625
5 0.32890625 0.55859375 0.096875 0.09453125
5 0.096875 0.7890625 0.08828125 0.08828125
5 0.44140625 0.78828125 0.09609375 0.09296875
5 0.33046875 0.78984375 0.09140625 0.09609375
9 0.671875 0.096875 0.10078125 0.09375
9 0.67265625 0.44140625 0.1078125 0.1078125
11 0.6734375 0.67109375 0.0796875 0.084375
7 0.2125 0.790625 0.065625 0.0828125
1 0.9046875 0.9 0.08984375 0.0984375
0 0.1 0.3328125 0.096875 0.0828125
0 0.79453125 0.09609375 0.09609375 0.09609375
0 0.90625 0.09296875 0.0859375 0.10390625
10 0.559375 0.903125 0.078125 0.0921875
2 0.903125 0.6734375 0.09921875 0.09453125